p,n,m,w,Avg Time,Min Time,Max Time,Found feasible,Found infeasible,Avg Obj,Min Obj,Max Obj
20,5,3,0.1,0.007235026359558106,0.003984212875366211,0.009973287582397461,20,0,6.05,5.0,7.0
20,5,3,0.2,0.008298814296722412,0.0049860477447509766,0.011968374252319336,20,0,6.85,5.0,10.0
20,5,3,0.3,0.006681990623474121,0.005983114242553711,0.010971546173095703,20,0,8.25,6.0,12.0
20,5,3,0.4,0.005985069274902344,0.0039539337158203125,0.00897526741027832,13,7,10.153846153846153,7.0,13.0
20,5,3,0.5,0.0061721324920654295,0.004984855651855469,0.010970830917358398,3,17,11.0,9.0,12.0
20,5,3,0.6,0.005400955677032471,0.0049860477447509766,0.006021022796630859,0,20,-1,-1,-1
20,5,3,0.7,0.006050479412078857,0.004957437515258789,0.008976459503173828,0,20,-1,-1,-1
20,5,3,0.8,0.006005525588989258,0.004986286163330078,0.0076444149017333984,0,20,-1,-1,-1
20,5,3,0.9,0.006090295314788818,0.00498652458190918,0.007021188735961914,0,20,-1,-1,-1
20,5,4,0.1,0.007478952407836914,0.005982398986816406,0.009973764419555664,20,0,5.85,5.0,8.0
20,5,4,0.2,0.009085321426391601,0.006979942321777344,0.013940572738647461,20,0,6.8,5.0,9.0
20,5,4,0.3,0.00973869562149048,0.00698089599609375,0.014960765838623047,20,0,9.1,7.0,13.0
20,5,4,0.4,0.008279860019683838,0.006974458694458008,0.009973526000976562,19,1,9.68421052631579,5.0,15.0
20,5,4,0.5,0.007538819313049316,0.00597834587097168,0.008962154388427734,8,12,13.25,11.0,17.0
20,5,4,0.6,0.007015800476074219,0.005505561828613281,0.009973764419555664,2,18,12.0,10.0,14.0
20,5,4,0.7,0.007280230522155762,0.006008148193359375,0.008977413177490234,0,20,-1,-1,-1
20,5,4,0.8,0.007803356647491455,0.00698089599609375,0.008993148803710938,0,20,-1,-1,-1
20,5,4,0.9,0.007832133769989013,0.006982326507568359,0.008976221084594727,0,20,-1,-1,-1
20,5,5,0.1,0.007080864906311035,0.0049860477447509766,0.010983467102050781,20,0,5.9,5.0,8.0
20,5,5,0.2,0.00857011079788208,0.00698089599609375,0.010970115661621094,20,0,7.1,5.0,9.0
20,5,5,0.3,0.009861528873443604,0.007395505905151367,0.017952680587768555,20,0,8.45,6.0,11.0
20,5,5,0.4,0.010428094863891601,0.007979154586791992,0.011969327926635742,20,0,10.2,9.0,13.0
20,5,5,0.5,0.0089188814163208,0.007944107055664062,0.00998687744140625,19,1,13.947368421052632,8.0,20.0
20,5,5,0.6,0.00950237512588501,0.007944107055664062,0.010971307754516602,2,18,17.0,13.0,21.0
20,5,5,0.7,0.009791326522827149,0.00795125961303711,0.011968612670898438,2,18,13.5,13.0,14.0
20,5,5,0.8,0.00982416868209839,0.007978200912475586,0.011968135833740234,0,20,-1,-1,-1
20,5,5,0.9,0.01033484935760498,0.008947134017944336,0.011032342910766602,0,20,-1,-1,-1
20,5,6,0.1,0.007886683940887452,0.005984306335449219,0.009977579116821289,20,0,5.95,5.0,7.0
20,5,6,0.2,0.009061503410339355,0.007002353668212891,0.010971307754516602,20,0,7.25,5.0,9.0
20,5,6,0.3,0.010629594326019287,0.008977651596069336,0.012065649032592773,20,0,8.1,6.0,10.0
20,5,6,0.4,0.012062752246856689,0.0099334716796875,0.022939443588256836,20,0,10.3,8.0,15.0
20,5,6,0.5,0.011944985389709473,0.008933544158935547,0.01595759391784668,19,1,12.842105263157896,7.0,18.0
20,5,6,0.6,0.011456429958343506,0.010003805160522461,0.01396632194519043,4,16,17.25,14.0,21.0
20,5,6,0.7,0.01191788911819458,0.009974002838134766,0.0139617919921875,0,20,-1,-1,-1
20,5,6,0.8,0.011978411674499511,0.010977029800415039,0.01296687126159668,0,20,-1,-1,-1
20,5,6,0.9,0.01280292272567749,0.011623144149780273,0.014493465423583984,0,20,-1,-1,-1
20,5,7,0.1,0.0077342033386230465,0.004982948303222656,0.009990692138671875,20,0,6.05,5.0,8.0
20,5,7,0.2,0.009034323692321777,0.007943153381347656,0.009974241256713867,20,0,6.7,5.0,8.0
20,5,7,0.3,0.010946285724639893,0.00894021987915039,0.015918970108032227,20,0,8.4,5.0,11.0
20,5,7,0.4,0.015690815448760987,0.010969400405883789,0.026927709579467773,20,0,10.8,8.0,14.0
20,5,7,0.5,0.015155482292175292,0.012967824935913086,0.02195262908935547,20,0,11.85,7.0,18.0
20,5,7,0.6,0.014268267154693603,0.012925863265991211,0.018947601318359375,14,6,17.5,11.0,24.0
20,5,7,0.7,0.014838910102844239,0.012964963912963867,0.016989469528198242,1,19,21.0,21.0,21.0
20,5,7,0.8,0.015885698795318603,0.013974666595458984,0.016989946365356445,0,20,-1,-1,-1
20,5,7,0.9,0.016711366176605225,0.014925241470336914,0.018551111221313477,0,20,-1,-1,-1
20,5,8,0.1,0.008345425128936768,0.006979942321777344,0.010971784591674805,20,0,6.1,5.0,8.0
20,5,8,0.2,0.010362780094146729,0.008973836898803711,0.012966632843017578,20,0,7.2,6.0,9.0
20,5,8,0.3,0.012507367134094238,0.010936498641967773,0.016958951950073242,20,0,7.95,6.0,10.0
20,5,8,0.4,0.015439927577972412,0.011962175369262695,0.02094125747680664,20,0,10.05,7.0,15.0
20,5,8,0.5,0.018645608425140382,0.014998197555541992,0.023895740509033203,20,0,13.45,9.0,17.0
20,5,8,0.6,0.016809582710266113,0.013962507247924805,0.02393627166748047,18,2,19.055555555555557,12.0,27.0
20,5,8,0.7,0.018103063106536865,0.016905546188354492,0.02095174789428711,2,18,19.0,18.0,20.0
20,5,8,0.8,0.0192929744720459,0.01789116859436035,0.022938966751098633,0,20,-1,-1,-1
20,5,8,0.9,0.023139071464538575,0.019969463348388672,0.026928186416625977,0,20,-1,-1,-1
20,5,9,0.1,0.010027766227722168,0.008518218994140625,0.012965917587280273,20,0,5.85,5.0,7.0
20,5,9,0.2,0.012172091007232665,0.009989023208618164,0.015957355499267578,20,0,7.15,5.0,9.0
20,5,9,0.3,0.015518105030059815,0.012964725494384766,0.023935794830322266,20,0,7.9,5.0,11.0
20,5,9,0.4,0.019918596744537352,0.01428365707397461,0.04487895965576172,20,0,9.5,6.0,14.0
20,5,9,0.5,0.025625407695770264,0.017978191375732422,0.054854631423950195,20,0,14.2,10.0,19.0
20,5,9,0.6,0.020976996421813963,0.018949508666992188,0.02493882179260254,20,0,20.2,9.0,30.0
20,5,9,0.7,0.022413265705108643,0.019878625869750977,0.026874303817749023,4,16,23.25,18.0,29.0
20,5,9,0.8,0.024974775314331055,0.022967100143432617,0.02892303466796875,0,20,-1,-1,-1
20,5,9,0.9,0.029243505001068114,0.02493143081665039,0.032909393310546875,0,20,-1,-1,-1
20,5,10,0.1,0.009635996818542481,0.008505582809448242,0.011011362075805664,20,0,6.05,5.0,8.0
20,5,10,0.2,0.012481248378753662,0.01093149185180664,0.01399850845336914,20,0,6.8,5.0,9.0
20,5,10,0.3,0.0182655930519104,0.014960527420043945,0.027965068817138672,20,0,9.05,7.0,12.0
20,5,10,0.4,0.021925735473632812,0.016915321350097656,0.04188680648803711,20,0,10.4,8.0,13.0
20,5,10,0.5,0.029055511951446532,0.02090764045715332,0.061795711517333984,20,0,12.6,6.0,19.0
20,5,10,0.6,0.02797417640686035,0.023880720138549805,0.04591512680053711,20,0,19.5,13.0,27.0
20,5,10,0.7,0.026280546188354494,0.02393507957458496,0.028925418853759766,8,12,28.0,21.0,34.0
20,5,10,0.8,0.029740238189697267,0.02692866325378418,0.03192734718322754,0,20,-1,-1,-1
20,5,10,0.9,0.04015407562255859,0.03390860557556152,0.04986715316772461,0,20,-1,-1,-1
20,10,3,0.1,0.009752500057220458,0.007978677749633789,0.020433425903320312,20,0,14.2,11.0,16.0
20,10,3,0.2,0.010160577297210694,0.006978750228881836,0.016945600509643555,4,16,17.0,13.0,23.0
20,10,3,0.3,0.008649373054504394,0.007736682891845703,0.010943174362182617,0,20,-1,-1,-1
20,10,3,0.4,0.011191856861114503,0.008440256118774414,0.018949508666992188,0,20,-1,-1,-1
20,10,3,0.5,0.010772395133972167,0.008948564529418945,0.016954421997070312,0,20,-1,-1,-1
20,10,3,0.6,0.012498259544372559,0.009982585906982422,0.016954898834228516,0,20,-1,-1,-1
20,10,3,0.7,0.012033677101135254,0.010691642761230469,0.01376485824584961,0,20,-1,-1,-1
20,10,3,0.8,0.013780725002288819,0.010962963104248047,0.018949031829833984,0,20,-1,-1,-1
20,10,3,0.9,0.014461982250213622,0.011962890625,0.019947052001953125,0,20,-1,-1,-1
20,10,4,0.1,0.010313129425048828,0.007978439331054688,0.014961719512939453,20,0,14.05,11.0,16.0
20,10,4,0.2,0.0128149151802063,0.008975744247436523,0.017340660095214844,19,1,20.736842105263158,17.0,28.0
20,10,4,0.3,0.01505042314529419,0.011952877044677734,0.021941423416137695,1,19,24.0,24.0,24.0
20,10,4,0.4,0.01524801254272461,0.01196432113647461,0.02092742919921875,0,20,-1,-1,-1
20,10,4,0.5,0.016792964935302735,0.013627767562866211,0.024923086166381836,0,20,-1,-1,-1
20,10,4,0.6,0.018305671215057374,0.014960050582885742,0.02493429183959961,0,20,-1,-1,-1
20,10,4,0.7,0.021524786949157715,0.017229557037353516,0.03389692306518555,0,20,-1,-1,-1
20,10,4,0.8,0.020690619945526123,0.017911911010742188,0.022969484329223633,0,20,-1,-1,-1
20,10,4,0.9,0.02101738452911377,0.01897597312927246,0.023937225341796875,0,20,-1,-1,-1
20,10,5,0.1,0.011895406246185302,0.009950399398803711,0.014961004257202148,20,0,13.9,11.0,16.0
20,10,5,0.2,0.02880847454071045,0.014942169189453125,0.11091184616088867,20,0,20.0,15.0,22.0
20,10,5,0.3,0.01739414930343628,0.015492439270019531,0.019947052001953125,8,12,27.375,22.0,34.0
20,10,5,0.4,0.020275163650512695,0.017946958541870117,0.023906469345092773,0,20,-1,-1,-1
20,10,5,0.5,0.021951770782470702,0.018946170806884766,0.023901939392089844,0,20,-1,-1,-1
20,10,5,0.6,0.024072229862213135,0.02090764045715332,0.02894139289855957,0,20,-1,-1,-1
20,10,5,0.7,0.027164745330810546,0.02492070198059082,0.029920101165771484,0,20,-1,-1,-1
20,10,5,0.8,0.03278796672821045,0.028895139694213867,0.03690218925476074,0,20,-1,-1,-1
20,10,5,0.9,0.03185362815856933,0.028883695602416992,0.035930633544921875,0,20,-1,-1,-1
20,10,6,0.1,0.013541328907012939,0.011009931564331055,0.018445730209350586,20,0,13.85,10.0,16.0
20,10,6,0.2,0.03566232919692993,0.01693415641784668,0.11369538307189941,20,0,20.1,14.0,27.0
20,10,6,0.3,0.06943042278289795,0.02094554901123047,0.17063164710998535,17,3,30.941176470588236,24.0,43.0
20,10,6,0.4,0.026421666145324707,0.022934675216674805,0.02892327308654785,0,20,-1,-1,-1
20,10,6,0.5,0.030550098419189452,0.027884960174560547,0.03493094444274902,0,20,-1,-1,-1
20,10,6,0.6,0.03335171937942505,0.03088068962097168,0.03590559959411621,0,20,-1,-1,-1
20,10,6,0.7,0.03859293460845947,0.035759925842285156,0.04285073280334473,0,20,-1,-1,-1
20,10,6,0.8,0.0503117561340332,0.04477739334106445,0.05581378936767578,0,20,-1,-1,-1
20,10,6,0.9,0.04468091726303101,0.03888750076293945,0.0495603084564209,0,20,-1,-1,-1
20,10,7,0.1,0.015102136135101318,0.012926340103149414,0.01994633674621582,20,0,14.25,11.0,18.0
20,10,7,0.2,0.04059478044509888,0.020344257354736328,0.0967414379119873,20,0,20.35,14.0,26.0
20,10,7,0.3,0.12919572591781617,0.03586864471435547,0.17050504684448242,20,0,30.4,24.0,40.0
20,10,7,0.4,0.033111953735351564,0.030889034271240234,0.036900997161865234,0,20,-1,-1,-1
20,10,7,0.5,0.039011013507843015,0.03678154945373535,0.041893720626831055,0,20,-1,-1,-1
20,10,7,0.6,0.0464880108833313,0.043761253356933594,0.051833152770996094,0,20,-1,-1,-1
20,10,7,0.7,0.05336903333663941,0.049831390380859375,0.05825376510620117,0,20,-1,-1,-1
20,10,7,0.8,0.07432422637939454,0.06971335411071777,0.08276057243347168,0,20,-1,-1,-1
20,10,7,0.9,0.066461181640625,0.05681109428405762,0.07480168342590332,0,20,-1,-1,-1
20,10,8,0.1,0.01772254705429077,0.014920473098754883,0.02094435691833496,20,0,13.55,11.0,16.0
20,10,8,0.2,0.04067041873931885,0.024898529052734375,0.10569238662719727,20,0,19.0,15.0,23.0
20,10,8,0.3,0.11584724187850952,0.045929908752441406,0.17352008819580078,20,0,28.8,24.0,37.0
20,10,8,0.4,0.05483005046844482,0.03886270523071289,0.294189453125,1,19,39.0,39.0,39.0
20,10,8,0.5,0.049272680282592775,0.04584026336669922,0.057845354080200195,0,20,-1,-1,-1
20,10,8,0.6,0.05958821773529053,0.055646419525146484,0.06381034851074219,0,20,-1,-1,-1
20,10,8,0.7,0.06969033479690552,0.06578898429870605,0.07477307319641113,0,20,-1,-1,-1
20,10,8,0.8,0.1009905219078064,0.08474516868591309,0.11569094657897949,0,20,-1,-1,-1
20,10,8,0.9,0.09127914905548096,0.0827488899230957,0.10572385787963867,0,20,-1,-1,-1
20,10,9,0.1,0.02167412042617798,0.017926454544067383,0.029918193817138672,20,0,14.2,12.0,17.0
20,10,9,0.2,0.04601118564605713,0.031862735748291016,0.07284140586853027,20,0,19.9,15.0,23.0
20,10,9,0.3,0.14904869794845582,0.059934139251708984,0.17852258682250977,20,0,30.7,26.0,40.0
20,10,9,0.4,0.07073686122894288,0.04774141311645508,0.18447089195251465,3,17,44.0,33.0,57.0
20,10,9,0.5,0.060455572605133054,0.056777000427246094,0.0658578872680664,0,20,-1,-1,-1
20,10,9,0.6,0.07369657754898071,0.0697774887084961,0.07979226112365723,0,20,-1,-1,-1
20,10,9,0.7,0.08776971101760864,0.08277773857116699,0.09374833106994629,0,20,-1,-1,-1
20,10,9,0.8,0.131857430934906,0.11867952346801758,0.14897894859313965,0,20,-1,-1,-1
20,10,9,0.9,0.12809340953826903,0.1166527271270752,0.14258337020874023,0,20,-1,-1,-1
20,10,10,0.1,0.025247931480407715,0.02193164825439453,0.028922557830810547,20,0,13.95,11.0,17.0
20,10,10,0.2,0.04961775541305542,0.03520059585571289,0.059815168380737305,20,0,19.55,15.0,24.0
20,10,10,0.3,0.15696828365325927,0.06479144096374512,0.19051265716552734,20,0,29.8,24.0,36.0
20,10,10,0.4,0.12058210372924805,0.06178927421569824,0.19747304916381836,9,11,60.44444444444444,51.0,72.0
20,10,10,0.5,0.0758771538734436,0.07266736030578613,0.07975172996520996,0,20,-1,-1,-1
20,10,10,0.6,0.09809434413909912,0.08477449417114258,0.13962674140930176,0,20,-1,-1,-1
20,10,10,0.7,0.12200590372085571,0.10768651962280273,0.1645658016204834,0,20,-1,-1,-1
20,10,10,0.8,0.1750412702560425,0.1535937786102295,0.21738290786743164,0,20,-1,-1,-1
20,10,10,0.9,0.17410993576049805,0.15455222129821777,0.1895143985748291,0,20,-1,-1,-1
20,15,3,0.1,0.010986804962158203,0.008017301559448242,0.013963937759399414,20,0,25.45,20.0,30.0
20,15,3,0.2,0.01082097291946411,0.008978128433227539,0.012965202331542969,0,20,-1,-1,-1
20,15,3,0.3,0.012734997272491454,0.010970354080200195,0.014961004257202148,0,20,-1,-1,-1
20,15,3,0.4,0.014480364322662354,0.012968063354492188,0.018947601318359375,0,20,-1,-1,-1
20,15,3,0.5,0.017450082302093505,0.0159759521484375,0.0199129581451416,0,20,-1,-1,-1
20,15,3,0.6,0.019917106628417967,0.017952442169189453,0.02294635772705078,0,20,-1,-1,-1
20,15,3,0.7,0.02190638780593872,0.019931554794311523,0.023931503295898438,0,20,-1,-1,-1
20,15,3,0.8,0.02431807518005371,0.021953105926513672,0.02892303466796875,0,20,-1,-1,-1
20,15,3,0.9,0.02622019052505493,0.024187088012695312,0.030876874923706055,0,20,-1,-1,-1
20,15,4,0.1,0.0232477068901062,0.01197052001953125,0.05681157112121582,20,0,24.75,20.0,30.0
20,15,4,0.2,0.01745612621307373,0.015123128890991211,0.01994609832763672,0,20,-1,-1,-1
20,15,4,0.3,0.02082253694534302,0.018886804580688477,0.0239408016204834,0,20,-1,-1,-1
20,15,4,0.4,0.024327671527862547,0.022457122802734375,0.02692890167236328,0,20,-1,-1,-1
20,15,4,0.5,0.02782074213027954,0.02590036392211914,0.03088521957397461,0,20,-1,-1,-1
20,15,4,0.6,0.033752048015594484,0.03188300132751465,0.03789830207824707,0,20,-1,-1,-1
20,15,4,0.7,0.0399725079536438,0.03690195083618164,0.044855594635009766,0,20,-1,-1,-1
20,15,4,0.8,0.04212578535079956,0.0388951301574707,0.047872066497802734,0,20,-1,-1,-1
20,15,4,0.9,0.044582700729370116,0.04089164733886719,0.05583071708679199,0,20,-1,-1,-1
20,15,5,0.1,0.023983585834503173,0.01592278480529785,0.05182051658630371,20,0,24.6,20.0,28.0
20,15,5,0.2,0.030595338344573973,0.021905183792114258,0.16148829460144043,3,17,45.333333333333336,44.0,47.0
20,15,5,0.3,0.03047330379486084,0.027924537658691406,0.03291153907775879,0,20,-1,-1,-1
20,15,5,0.4,0.038415956497192386,0.035904645919799805,0.041887521743774414,0,20,-1,-1,-1
20,15,5,0.5,0.04316446781158447,0.038895606994628906,0.045877933502197266,0,20,-1,-1,-1
20,15,5,0.6,0.050157034397125246,0.04784369468688965,0.05285811424255371,0,20,-1,-1,-1
20,15,5,0.7,0.06791735887527466,0.06183505058288574,0.07878518104553223,0,20,-1,-1,-1
20,15,5,0.8,0.07284067869186402,0.0608365535736084,0.08275437355041504,0,20,-1,-1,-1
20,15,5,0.9,0.06618611812591553,0.061200618743896484,0.07181024551391602,0,20,-1,-1,-1
20,15,6,0.1,0.028999292850494386,0.019907236099243164,0.059804677963256836,20,0,25.04999999999998,22.0,30.0
20,15,6,0.2,0.14422056674957276,0.030913352966308594,0.18210315704345703,17,3,45.0,33.0,62.0
20,15,6,0.3,0.04174933433532715,0.03985905647277832,0.045881032943725586,0,20,-1,-1,-1
20,15,6,0.4,0.053269946575164796,0.04983115196228027,0.05691075325012207,0,20,-1,-1,-1
20,15,6,0.5,0.06390420198440552,0.06077003479003906,0.06983089447021484,0,20,-1,-1,-1
20,15,6,0.6,0.0736991286277771,0.06839418411254883,0.07974910736083984,0,20,-1,-1,-1
20,15,6,0.7,0.1008908987045288,0.0918264389038086,0.11268043518066406,0,20,-1,-1,-1
20,15,6,0.8,0.1252763867378235,0.11428380012512207,0.13260984420776367,0,20,-1,-1,-1
20,15,6,0.9,0.09462157487869263,0.08876657485961914,0.10867524147033691,0,20,-1,-1,-1
20,15,7,0.1,0.03213037252426147,0.02393651008605957,0.048218488693237305,20,0,24.15,19.0,28.0
20,15,7,0.2,0.17158639430999756,0.04886317253112793,0.1905515193939209,20,0,42.7,30.0,55.0
20,15,7,0.3,0.055221593379974364,0.05172133445739746,0.0578460693359375,0,20,-1,-1,-1
20,15,7,0.4,0.07001534700393677,0.0658266544342041,0.07576298713684082,0,20,-1,-1,-1
20,15,7,0.5,0.08817335367202758,0.08080887794494629,0.09773778915405273,0,20,-1,-1,-1
20,15,7,0.6,0.10420472621917724,0.09770512580871582,0.11170291900634766,0,20,-1,-1,-1
20,15,7,0.7,0.13664270639419557,0.12697315216064453,0.14875006675720215,0,20,-1,-1,-1
20,15,7,0.8,0.19603949785232544,0.18447089195251465,0.21343040466308594,0,20,-1,-1,-1
20,15,7,0.9,0.13118398189544678,0.12254834175109863,0.14557528495788574,0,20,-1,-1,-1
20,15,8,0.1,0.03993844985961914,0.029886245727539062,0.06578850746154785,20,0,24.2,20.0,28.0
20,15,8,0.2,0.2091299533843994,0.11970281600952148,0.26425719261169434,20,0,43.3,37.0,52.0
20,15,8,0.3,0.07788945436477661,0.06682085990905762,0.12067675590515137,0,20,-1,-1,-1
20,15,8,0.4,0.09168293476104736,0.08500051498413086,0.12366700172424316,0,20,-1,-1,-1
20,15,8,0.5,0.11269032955169678,0.10768294334411621,0.11871814727783203,0,20,-1,-1,-1
20,15,8,0.6,0.13733218908309935,0.1306149959564209,0.1445777416229248,0,20,-1,-1,-1
20,15,8,0.7,0.18099571466445924,0.16753315925598145,0.19539642333984375,0,20,-1,-1,-1
20,15,8,0.8,0.27706232070922854,0.2691950798034668,0.2881934642791748,0,20,-1,-1,-1
20,15,8,0.9,0.18622944355010987,0.16057133674621582,0.21454668045043945,0,20,-1,-1,-1
20,15,9,0.1,0.05062910318374634,0.03690600395202637,0.07975101470947266,20,0,24.8,21.0,30.0
20,15,9,0.2,0.19529788494110106,0.12163996696472168,0.23134565353393555,20,0,43.0,35.0,50.0
20,15,9,0.3,0.0895540952682495,0.0837399959564209,0.09873557090759277,0,20,-1,-1,-1
20,15,9,0.4,0.11324623823165894,0.11070513725280762,0.11668729782104492,0,20,-1,-1,-1
20,15,9,0.5,0.1390923261642456,0.13360357284545898,0.1486804485321045,0,20,-1,-1,-1
20,15,9,0.6,0.18190971612930298,0.16756033897399902,0.19449853897094727,0,20,-1,-1,-1
20,15,9,0.7,0.2299891233444214,0.21939754486083984,0.24630260467529297,0,20,-1,-1,-1
20,15,9,0.8,0.34359370470046996,0.33056640625,0.36621570587158203,0,20,-1,-1,-1
20,15,9,0.9,0.2531028985977173,0.20841670036315918,0.2901883125305176,0,20,-1,-1,-1
20,15,10,0.1,0.056102752685546875,0.044844865798950195,0.07675766944885254,20,0,24.15,20.0,29.0
20,15,10,0.2,0.21736847162246703,0.12865638732910156,0.2732686996459961,20,0,43.0,34.0,51.0
20,15,10,0.3,0.11142156124114991,0.10873198509216309,0.11465644836425781,0,20,-1,-1,-1
20,15,10,0.4,0.1593919038772583,0.1365218162536621,0.2014610767364502,0,20,-1,-1,-1
20,15,10,0.5,0.1790074586868286,0.164520263671875,0.22240424156188965,0,20,-1,-1,-1
20,15,10,0.6,0.21895533800125122,0.21040749549865723,0.2373967170715332,0,20,-1,-1,-1
20,15,10,0.7,0.28061847686767577,0.27124881744384766,0.29620838165283203,0,20,-1,-1,-1
20,15,10,0.8,0.4354987144470215,0.40985822677612305,0.4837164878845215,0,20,-1,-1,-1
20,15,10,0.9,0.36271491050720217,0.3179781436920166,0.4048793315887451,0,20,-1,-1,-1
20,20,3,0.1,0.012216365337371827,0.01097559928894043,0.013962984085083008,4,16,41.5,40.0,45.0
20,20,3,0.2,0.01572561264038086,0.013942956924438477,0.018950939178466797,0,20,-1,-1,-1
20,20,3,0.3,0.019567131996154785,0.017911434173583984,0.020946264266967773,0,20,-1,-1,-1
20,20,3,0.4,0.023294830322265626,0.021930456161499023,0.025889873504638672,0,20,-1,-1,-1
20,20,3,0.5,0.028796422481536865,0.026835203170776367,0.031899452209472656,0,20,-1,-1,-1
20,20,3,0.6,0.033836650848388675,0.03193330764770508,0.03590750694274902,0,20,-1,-1,-1
20,20,3,0.7,0.036652791500091556,0.03387951850891113,0.04085540771484375,0,20,-1,-1,-1
20,20,3,0.8,0.040951859951019284,0.03690361976623535,0.05086350440979004,0,20,-1,-1,-1
20,20,3,0.9,0.04465005397796631,0.04217982292175293,0.047869205474853516,0,20,-1,-1,-1
20,20,4,0.1,0.08955680131912232,0.02293848991394043,0.17058515548706055,20,0,39.9,37.0,45.0
20,20,4,0.2,0.02681068181991577,0.024813413619995117,0.029881715774536133,0,20,-1,-1,-1
20,20,4,0.3,0.03441376686096191,0.030879497528076172,0.041887521743774414,0,20,-1,-1,-1
20,20,4,0.4,0.03933558464050293,0.03685140609741211,0.04487919807434082,0,20,-1,-1,-1
20,20,4,0.5,0.04840872287750244,0.044881343841552734,0.05281853675842285,0,20,-1,-1,-1
20,20,4,0.6,0.059826982021331784,0.055811405181884766,0.06579136848449707,0,20,-1,-1,-1
20,20,4,0.7,0.07641276121139526,0.06180095672607422,0.08374643325805664,0,20,-1,-1,-1
20,20,4,0.8,0.06948938369750976,0.06479191780090332,0.07879424095153809,0,20,-1,-1,-1
20,20,4,0.9,0.07595559358596801,0.07184314727783203,0.07977151870727539,0,20,-1,-1,-1
20,20,5,0.1,0.11596864461898804,0.025917768478393555,0.17359066009521484,20,0,39.05,32.0,44.0
20,20,5,0.2,0.03884663581848145,0.036864280700683594,0.040929317474365234,0,20,-1,-1,-1
20,20,5,0.3,0.0535662055015564,0.05074954032897949,0.0588076114654541,0,20,-1,-1,-1
20,20,5,0.4,0.07199164628982543,0.05984044075012207,0.09873533248901367,0,20,-1,-1,-1
20,20,5,0.5,0.0775036334991455,0.07278203964233398,0.08278632164001465,0,20,-1,-1,-1
20,20,5,0.6,0.09928555488586426,0.09096264839172363,0.1136324405670166,0,20,-1,-1,-1
20,20,5,0.7,0.14447852373123168,0.1336069107055664,0.16951680183410645,0,20,-1,-1,-1
20,20,5,0.8,0.12585363388061524,0.10875940322875977,0.13859272003173828,0,20,-1,-1,-1
20,20,5,0.9,0.1364957094192505,0.1197361946105957,0.18650174140930176,0,20,-1,-1,-1
20,20,6,0.1,0.11372896432876586,0.042864084243774414,0.21839499473571777,20,0,38.55,34.0,44.0
20,20,6,0.2,0.05583137273788452,0.04886507987976074,0.06781768798828125,0,20,-1,-1,-1
20,20,6,0.3,0.07116293907165527,0.06781387329101562,0.07381939888000488,0,20,-1,-1,-1
20,20,6,0.4,0.094451904296875,0.08676743507385254,0.10265445709228516,0,20,-1,-1,-1
20,20,6,0.5,0.1138350486755371,0.11066341400146484,0.121673583984375,0,20,-1,-1,-1
20,20,6,0.6,0.13891384601593018,0.1317126750946045,0.14561057090759277,0,20,-1,-1,-1
20,20,6,0.7,0.22696366310119628,0.17852354049682617,0.25930261611938477,0,20,-1,-1,-1
20,20,6,0.8,0.18747241497039796,0.1655275821685791,0.2183830738067627,0,20,-1,-1,-1
20,20,6,0.9,0.14487988948822023,0.13963079452514648,0.15560388565063477,0,20,-1,-1,-1
20,20,7,0.1,0.12335749864578247,0.041774749755859375,0.1864643096923828,20,0,38.8,33.0,44.0
20,20,7,0.2,0.06230635643005371,0.05980706214904785,0.06582474708557129,0,20,-1,-1,-1
20,20,7,0.3,0.08490582704544067,0.08074569702148438,0.09072113037109375,0,20,-1,-1,-1
20,20,7,0.4,0.1110985279083252,0.1056826114654541,0.11370611190795898,0,20,-1,-1,-1
20,20,7,0.5,0.14127763509750366,0.1356675624847412,0.14757776260375977,0,20,-1,-1,-1
20,20,7,0.6,0.1736896514892578,0.1635274887084961,0.18346905708312988,0,20,-1,-1,-1
20,20,7,0.7,0.28440884351730344,0.24653100967407227,0.30754733085632324,0,20,-1,-1,-1
20,20,7,0.8,0.30929105281829833,0.2762610912322998,0.34010982513427734,0,20,-1,-1,-1
20,20,7,0.9,0.20564242601394653,0.19748878479003906,0.21342897415161133,0,20,-1,-1,-1
20,20,8,0.1,0.10600595474243164,0.049845218658447266,0.18949294090270996,20,0,37.3,31.0,45.0
20,20,8,0.2,0.15095338821411133,0.07875490188598633,0.6214735507965088,3,17,89.66666666666667,80.0,95.0
20,20,8,0.3,0.11099133491516114,0.10767722129821777,0.11468005180358887,0,20,-1,-1,-1
20,20,8,0.4,0.1493864893913269,0.13667750358581543,0.1914525032043457,0,20,-1,-1,-1
20,20,8,0.5,0.20619559288024902,0.17952823638916016,0.2553215026855469,0,20,-1,-1,-1
20,20,8,0.6,0.23473609685897828,0.2234029769897461,0.2567920684814453,0,20,-1,-1,-1
20,20,8,0.7,0.3527718663215637,0.3191070556640625,0.40190911293029785,0,20,-1,-1,-1
20,20,8,0.8,0.44903017282485963,0.43876051902770996,0.45978736877441406,0,20,-1,-1,-1
20,20,8,0.9,0.2717220425605774,0.26027846336364746,0.31113314628601074,0,20,-1,-1,-1
20,20,9,0.1,0.13459845781326293,0.0713813304901123,0.20148110389709473,20,0,38.5,34.0,42.0
20,20,9,0.2,0.5937568426132203,0.11170840263366699,1.4769673347473145,8,12,95.0,75.0,112.0
20,20,9,0.3,0.1410815715789795,0.13460111618041992,0.15957403182983398,0,20,-1,-1,-1
20,20,9,0.4,0.18663125038146972,0.1774907112121582,0.19248032569885254,0,20,-1,-1,-1
20,20,9,0.5,0.2628574728965759,0.2572448253631592,0.2720832824707031,0,20,-1,-1,-1
20,20,9,0.6,0.34271169900894166,0.33107852935791016,0.38497042655944824,0,20,-1,-1,-1
20,20,9,0.7,0.5105786919593811,0.4567892551422119,0.5766756534576416,0,20,-1,-1,-1
20,20,9,0.8,0.6044061541557312,0.5893993377685547,0.6272947788238525,0,20,-1,-1,-1
20,20,9,0.9,0.4236018657684326,0.384934663772583,0.46584105491638184,0,20,-1,-1,-1
20,20,10,0.1,0.13684076070785522,0.09250998497009277,0.21545672416687012,20,0,38.25,33.0,47.0
20,20,10,0.2,2.1648341536521913,0.5545172691345215,3.046849250793457,20,0,90.7,62.0,115.0
20,20,10,0.3,0.2029249668121338,0.19643545150756836,0.23636746406555176,0,20,-1,-1,-1
20,20,10,0.4,0.2605325698852539,0.25627994537353516,0.2702791690826416,0,20,-1,-1,-1
20,20,10,0.5,0.3229893684387207,0.3161189556121826,0.3313126564025879,0,20,-1,-1,-1
20,20,10,0.6,0.4252638578414917,0.40572381019592285,0.45873522758483887,0,20,-1,-1,-1
20,20,10,0.7,0.5904031753540039,0.552523136138916,0.6184287071228027,0,20,-1,-1,-1
20,20,10,0.8,0.7326442241668701,0.7140507698059082,0.7547643184661865,0,20,-1,-1,-1
20,20,10,0.9,0.6048926949501038,0.5566868782043457,0.6622390747070312,0,20,-1,-1,-1
20,25,3,0.1,0.016010737419128417,0.013695716857910156,0.01891493797302246,0,20,-1,-1,-1
20,25,3,0.2,0.021452569961547853,0.01953577995300293,0.024933338165283203,0,20,-1,-1,-1
20,25,3,0.3,0.02751646041870117,0.02587127685546875,0.029937267303466797,0,20,-1,-1,-1
20,25,3,0.4,0.03503429889678955,0.03287911415100098,0.03691244125366211,0,20,-1,-1,-1
20,25,3,0.5,0.043619608879089354,0.040787696838378906,0.04962468147277832,0,20,-1,-1,-1
20,25,3,0.6,0.051844096183776854,0.04883408546447754,0.05488848686218262,0,20,-1,-1,-1
20,25,3,0.7,0.0555414080619812,0.05171704292297363,0.06340932846069336,0,20,-1,-1,-1
20,25,3,0.8,0.06160159111022949,0.057752370834350586,0.06685042381286621,0,20,-1,-1,-1
20,25,3,0.9,0.06921267509460449,0.06482648849487305,0.07480072975158691,0,20,-1,-1,-1
20,25,4,0.1,0.046871614456176755,0.02386331558227539,0.17848563194274902,3,17,60.0,56.0,67.0
20,25,4,0.2,0.03981869220733643,0.03783011436462402,0.042818546295166016,0,20,-1,-1,-1
20,25,4,0.3,0.05099533796310425,0.04652881622314453,0.05589890480041504,0,20,-1,-1,-1
20,25,4,0.4,0.06295988559722901,0.05884122848510742,0.06678581237792969,0,20,-1,-1,-1
20,25,4,0.5,0.07869069576263428,0.07377982139587402,0.08377480506896973,0,20,-1,-1,-1
20,25,4,0.6,0.10448335409164429,0.09770059585571289,0.11222457885742188,0,20,-1,-1,-1
20,25,4,0.7,0.1191318154335022,0.10394120216369629,0.1426234245300293,0,20,-1,-1,-1
20,25,4,0.8,0.11118029356002808,0.10668158531188965,0.11938142776489258,0,20,-1,-1,-1
20,25,4,0.9,0.12398658990859986,0.12037491798400879,0.12966299057006836,0,20,-1,-1,-1
20,25,5,0.1,0.1784124493598938,0.07783007621765137,0.20943951606750488,20,0,58.05,47.0,66.0
20,25,5,0.2,0.05684682130813599,0.053801536560058594,0.06184577941894531,0,20,-1,-1,-1
20,25,5,0.3,0.07942303419113159,0.07575058937072754,0.08375239372253418,0,20,-1,-1,-1
20,25,5,0.4,0.09787641763687134,0.09072184562683105,0.1046907901763916,0,20,-1,-1,-1
20,25,5,0.5,0.11985640525817871,0.11763501167297363,0.12363362312316895,0,20,-1,-1,-1
20,25,5,0.6,0.16487114429473876,0.15355277061462402,0.17549490928649902,0,20,-1,-1,-1
20,25,5,0.7,0.23246642351150512,0.2114086151123047,0.24791550636291504,0,20,-1,-1,-1
20,25,5,0.8,0.18077250719070434,0.15959906578063965,0.21741938591003418,0,20,-1,-1,-1
20,25,5,0.9,0.18569148778915406,0.17748665809631348,0.19450116157531738,0,20,-1,-1,-1
20,25,6,0.1,0.20854867696762086,0.15259933471679688,0.3330705165863037,20,0,57.8,49.0,67.0
20,25,6,0.2,0.08747432231903077,0.07482028007507324,0.12370038032531738,0,20,-1,-1,-1
20,25,6,0.3,0.11928175687789917,0.10671162605285645,0.14261841773986816,0,20,-1,-1,-1
20,25,6,0.4,0.1541511297225952,0.14159464836120605,0.17353558540344238,0,20,-1,-1,-1
20,25,6,0.5,0.18331986665725708,0.16655516624450684,0.21239638328552246,0,20,-1,-1,-1
20,25,6,0.6,0.24140422344207763,0.2323453426361084,0.25927233695983887,0,20,-1,-1,-1
20,25,6,0.7,0.40680512189865115,0.38893604278564453,0.4258608818054199,0,20,-1,-1,-1
20,25,6,0.8,0.3058621048927307,0.26525402069091797,0.33583569526672363,0,20,-1,-1,-1
20,25,6,0.9,0.2727691292762756,0.2682464122772217,0.28191637992858887,0,20,-1,-1,-1
20,25,7,0.1,0.24582152366638182,0.18847417831420898,0.33507204055786133,20,0,57.7,51.0,62.0
20,25,7,0.2,0.10817679166793823,0.10471796989440918,0.11093854904174805,0,20,-1,-1,-1
20,25,7,0.3,0.1510702848434448,0.14461541175842285,0.15953874588012695,0,20,-1,-1,-1
20,25,7,0.4,0.20431331396102906,0.19643664360046387,0.21253037452697754,0,20,-1,-1,-1
20,25,7,0.5,0.25613631010055543,0.2473006248474121,0.26126718521118164,0,20,-1,-1,-1
20,25,7,0.6,0.32866989374160765,0.3155033588409424,0.34908008575439453,0,20,-1,-1,-1
20,25,7,0.7,0.5792585611343384,0.5495989322662354,0.6482300758361816,0,20,-1,-1,-1
20,25,7,0.8,0.5067452669143677,0.46476292610168457,0.5512933731079102,0,20,-1,-1,-1
20,25,7,0.9,0.37279611825942993,0.3664095401763916,0.3869929313659668,0,20,-1,-1,-1
20,25,8,0.1,0.2768247127532959,0.11983680725097656,0.4717400074005127,20,0,56.6,44.0,63.0
20,25,8,0.2,0.14191040992736817,0.13460564613342285,0.14862871170043945,0,20,-1,-1,-1
20,25,8,0.3,0.22002899646759033,0.19443941116333008,0.2772557735443115,0,20,-1,-1,-1
20,25,8,0.4,0.2797702789306641,0.26226329803466797,0.3380594253540039,0,20,-1,-1,-1
20,25,8,0.5,0.34927538633346555,0.33905768394470215,0.37201905250549316,0,20,-1,-1,-1
20,25,8,0.6,0.43451987504959105,0.41983652114868164,0.44676756858825684,0,20,-1,-1,-1
20,25,8,0.7,0.7413650751113892,0.6738886833190918,0.8068041801452637,0,20,-1,-1,-1
20,25,8,0.8,0.7686901926994324,0.741011381149292,0.7919645309448242,0,20,-1,-1,-1
20,25,8,0.9,0.4941878437995911,0.48576927185058594,0.5305740833282471,0,20,-1,-1,-1
20,25,9,0.1,0.3112907290458679,0.19544172286987305,0.5844223499298096,20,0,56.0,51.0,63.0
20,25,9,0.2,0.19053572416305542,0.1795508861541748,0.19647979736328125,0,20,-1,-1,-1
20,25,9,0.3,0.2563350796699524,0.2522890567779541,0.2652904987335205,0,20,-1,-1,-1
20,25,9,0.4,0.3405751705169678,0.33501267433166504,0.34677791595458984,0,20,-1,-1,-1
20,25,9,0.5,0.4584857225418091,0.43483781814575195,0.5007107257843018,0,20,-1,-1,-1
20,25,9,0.6,0.5741330742835998,0.5445444583892822,0.6392900943756104,0,20,-1,-1,-1
20,25,9,0.7,0.9310827732086182,0.8606781959533691,1.0032892227172852,0,20,-1,-1,-1
20,25,9,0.8,0.9567267417907714,0.9384312629699707,0.9873790740966797,0,20,-1,-1,-1
20,25,9,0.9,0.6609632015228272,0.636277437210083,0.7559797763824463,0,20,-1,-1,-1
20,25,10,0.1,0.44393008947372437,0.24331426620483398,0.8685746192932129,20,0,57.25,52.0,65.0
20,25,10,0.2,7.459643840789795,3.9544239044189453,9.06578016281128,0,20,-1,-1,-1
20,25,10,0.3,0.32182060480117797,0.31617116928100586,0.3344733715057373,0,20,-1,-1,-1
20,25,10,0.4,0.42578510046005247,0.42122340202331543,0.43381619453430176,0,20,-1,-1,-1
20,25,10,0.5,0.544495964050293,0.5355641841888428,0.5625412464141846,0,20,-1,-1,-1
20,25,10,0.6,0.761268424987793,0.7130937576293945,0.8587026596069336,0,20,-1,-1,-1
20,25,10,0.7,1.1365834474563599,1.0426762104034424,1.2366538047790527,0,20,-1,-1,-1
20,25,10,0.8,1.165731382369995,1.131005048751831,1.1978135108947754,0,20,-1,-1,-1
20,25,10,0.9,0.8973423719406128,0.7979929447174072,1.0471971035003662,0,20,-1,-1,-1
20,30,3,0.1,0.02503143548965454,0.020840883255004883,0.0379033088684082,0,20,-1,-1,-1
20,30,3,0.2,0.02885289192199707,0.026889324188232422,0.031891584396362305,0,20,-1,-1,-1
20,30,3,0.3,0.03916000127792359,0.03686261177062988,0.04328799247741699,0,20,-1,-1,-1
20,30,3,0.4,0.04979729652404785,0.04774284362792969,0.05287885665893555,0,20,-1,-1,-1
20,30,3,0.5,0.06327664852142334,0.05881452560424805,0.0697786808013916,0,20,-1,-1,-1
20,30,3,0.6,0.07510459423065186,0.0682516098022461,0.08180522918701172,0,20,-1,-1,-1
20,30,3,0.7,0.0779288649559021,0.07281637191772461,0.08391332626342773,0,20,-1,-1,-1
20,30,3,0.8,0.08735144138336182,0.08178091049194336,0.09376215934753418,0,20,-1,-1,-1
20,30,3,0.9,0.09797699451446533,0.09171772003173828,0.10771822929382324,0,20,-1,-1,-1
20,30,4,0.1,0.03307363986968994,0.030879735946655273,0.03590583801269531,0,20,-1,-1,-1
20,30,4,0.2,0.05381908416748047,0.05008578300476074,0.056848764419555664,0,20,-1,-1,-1
20,30,4,0.3,0.0690384864807129,0.06382918357849121,0.07480049133300781,0,20,-1,-1,-1
20,30,4,0.4,0.0874262809753418,0.08270001411437988,0.0937490463256836,0,20,-1,-1,-1
20,30,4,0.5,0.11361085176467896,0.10967087745666504,0.11865949630737305,0,20,-1,-1,-1
20,30,4,0.6,0.16709516048431397,0.15160036087036133,0.18447208404541016,0,20,-1,-1,-1
20,30,4,0.7,0.15935888290405273,0.13859009742736816,0.18151450157165527,0,20,-1,-1,-1
20,30,4,0.8,0.15357016324996947,0.1465747356414795,0.16277074813842773,0,20,-1,-1,-1
20,30,4,0.9,0.1737261652946472,0.16450881958007812,0.19148731231689453,0,20,-1,-1,-1
20,30,5,0.1,0.07429237365722656,0.04683661460876465,0.24634146690368652,3,17,88.0,81.0,97.0
20,30,5,0.2,0.07947638034820556,0.07480382919311523,0.08675241470336914,0,20,-1,-1,-1
20,30,5,0.3,0.11467468738555908,0.11166596412658691,0.11764979362487793,0,20,-1,-1,-1
20,30,5,0.4,0.14051932096481323,0.13164210319519043,0.14856672286987305,0,20,-1,-1,-1
20,30,5,0.5,0.18321083784103392,0.1754908561706543,0.19148731231689453,0,20,-1,-1,-1
20,30,5,0.6,0.2687350034713745,0.2557492256164551,0.2899892330169678,0,20,-1,-1,-1
20,30,5,0.7,0.3299923539161682,0.31113290786743164,0.35419702529907227,0,20,-1,-1,-1
20,30,5,0.8,0.25928654670715334,0.2373669147491455,0.31415867805480957,0,20,-1,-1,-1
20,30,5,0.9,0.29106893539428713,0.26927876472473145,0.3251302242279053,0,20,-1,-1,-1
20,30,6,0.1,0.8055635333061218,0.3782157897949219,1.3314392566680908,20,0,86.15,72.0,100.0
20,30,6,0.2,0.11428086757659912,0.11075210571289062,0.13031816482543945,0,20,-1,-1,-1
20,30,6,0.3,0.16106683015823364,0.15453267097473145,0.17150259017944336,0,20,-1,-1,-1
20,30,6,0.4,0.22444303035736085,0.21043682098388672,0.23407864570617676,0,20,-1,-1,-1
20,30,6,0.5,0.27392882108688354,0.26828503608703613,0.28472256660461426,0,20,-1,-1,-1
20,30,6,0.6,0.38158092498779295,0.36304187774658203,0.4109020233154297,0,20,-1,-1,-1
20,30,6,0.7,0.5897128462791443,0.5619335174560547,0.6053798198699951,0,20,-1,-1,-1
20,30,6,0.8,0.40574331283569337,0.3571949005126953,0.4617733955383301,0,20,-1,-1,-1
20,30,6,0.9,0.4113908290863037,0.39074063301086426,0.45478343963623047,0,20,-1,-1,-1
20,30,7,0.1,1.847214949131012,0.6781857013702393,2.8942596912384033,20,0,83.45,74.0,90.0
20,30,7,0.2,0.15634315013885497,0.1473226547241211,0.19148731231689453,0,20,-1,-1,-1
20,30,7,0.3,0.22588011026382446,0.2223951816558838,0.23035311698913574,0,20,-1,-1,-1
20,30,7,0.4,0.30279299020767214,0.2981760501861572,0.3181145191192627,0,20,-1,-1,-1
20,30,7,0.5,0.4067512035369873,0.3817472457885742,0.45977020263671875,0,20,-1,-1,-1
20,30,7,0.6,0.5179922223091126,0.4857029914855957,0.5525405406951904,0,20,-1,-1,-1
20,30,7,0.7,0.8030766606330871,0.770920991897583,0.8240189552307129,0,20,-1,-1,-1
20,30,7,0.8,0.6928269743919373,0.6193079948425293,0.7609455585479736,0,20,-1,-1,-1
20,30,7,0.9,0.5472741007804871,0.5446107387542725,0.5546467304229736,0,20,-1,-1,-1
20,30,8,0.1,4.227254116535187,0.6402356624603271,16.982059001922607,20,0,83.1,69.0,92.0
20,30,8,0.2,0.20939575433731078,0.20142674446105957,0.24135494232177734,0,20,-1,-1,-1
20,30,8,0.3,0.2974266767501831,0.293179988861084,0.3002772331237793,0,20,-1,-1,-1
20,30,8,0.4,0.3987183690071106,0.3909595012664795,0.40988779067993164,0,20,-1,-1,-1
20,30,8,0.5,0.5290798068046569,0.5146803855895996,0.5485339164733887,0,20,-1,-1,-1
20,30,8,0.6,0.6848498940467834,0.6492860317230225,0.7390141487121582,0,20,-1,-1,-1
20,30,8,0.7,1.0628964304924011,1.0152840614318848,1.1412148475646973,0,20,-1,-1,-1
20,30,8,0.8,1.1266945123672485,1.0731496810913086,1.165548324584961,0,20,-1,-1,-1
20,30,8,0.9,0.7306928753852844,0.7220025062561035,0.7472476959228516,0,20,-1,-1,-1
20,30,9,0.1,3.7821987748146055,0.8785738945007324,15.979259967803955,20,0,81.4,73.0,92.0
20,30,9,0.2,0.5420644402503967,0.26674342155456543,5.47432279586792,0,20,-1,-1,-1
20,30,9,0.3,0.3985745429992676,0.37902259826660156,0.4570956230163574,0,20,-1,-1,-1
20,30,9,0.4,0.5123792052268982,0.5076024532318115,0.5183393955230713,0,20,-1,-1,-1
20,30,9,0.5,0.6687272667884827,0.6572089195251465,0.6941182613372803,0,20,-1,-1,-1
20,30,9,0.6,0.8830108046531677,0.8596808910369873,0.9227793216705322,0,20,-1,-1,-1
20,30,9,0.7,1.3623574137687684,1.3093066215515137,1.4494521617889404,0,20,-1,-1,-1
20,30,9,0.8,1.4054875135421754,1.3862888813018799,1.4461143016815186,0,20,-1,-1,-1
20,30,9,0.9,0.9662135243415833,0.9464333057403564,1.0352184772491455,0,20,-1,-1,-1
20,30,10,0.1,6.078371965885163,1.368340015411377,17.65594792366028,20,0,80.5,73.0,91.0
20,30,10,0.2,14.263552618026733,7.784463405609131,19.37315320968628,0,20,-1,-1,-1
20,30,10,0.3,0.48565380573272704,0.47768664360046387,0.4992489814758301,0,20,-1,-1,-1
20,30,10,0.4,0.6454944968223572,0.6402797698974609,0.6594305038452148,0,20,-1,-1,-1
20,30,10,0.5,0.8323275566101074,0.818352222442627,0.844740629196167,0,20,-1,-1,-1
20,30,10,0.6,1.1453948497772217,1.0954134464263916,1.2277159690856934,0,20,-1,-1,-1
20,30,10,0.7,1.7624061584472657,1.6894209384918213,1.8111357688903809,0,20,-1,-1,-1
20,30,10,0.8,1.7560731768608093,1.7035903930664062,1.9049029350280762,0,20,-1,-1,-1
20,30,10,0.9,1.2739542126655579,1.2177982330322266,1.3852972984313965,0,20,-1,-1,-1
20,35,3,0.1,0.027320873737335206,0.022929906845092773,0.029920101165771484,0,20,-1,-1,-1
20,35,3,0.2,0.037789785861968996,0.034935712814331055,0.04090595245361328,0,20,-1,-1,-1
20,35,3,0.3,0.05185613632202148,0.04883384704589844,0.057845354080200195,0,20,-1,-1,-1
20,35,3,0.4,0.06772086620330811,0.06382966041564941,0.07276558876037598,0,20,-1,-1,-1
20,35,3,0.5,0.08645787239074706,0.08108186721801758,0.09175491333007812,0,20,-1,-1,-1
20,35,3,0.6,0.10356924533843995,0.09471249580383301,0.1166532039642334,0,20,-1,-1,-1
20,35,3,0.7,0.1059080719947815,0.10169267654418945,0.11076164245605469,0,20,-1,-1,-1
20,35,3,0.8,0.12114840745925903,0.11764740943908691,0.12763071060180664,0,20,-1,-1,-1
20,35,3,0.9,0.13325891494750977,0.12854933738708496,0.13763785362243652,0,20,-1,-1,-1
20,35,4,0.1,0.04224801063537598,0.04036450386047363,0.04490947723388672,0,20,-1,-1,-1
20,35,4,0.2,0.07181036472320557,0.06678175926208496,0.07582402229309082,0,20,-1,-1,-1
20,35,4,0.3,0.09506452083587646,0.0857689380645752,0.11765575408935547,0,20,-1,-1,-1
20,35,4,0.4,0.12377535104751587,0.11764669418334961,0.14561104774475098,0,20,-1,-1,-1
20,35,4,0.5,0.16492830514907836,0.15450167655944824,0.20840668678283691,0,20,-1,-1,-1
20,35,4,0.6,0.26182687282562256,0.23357534408569336,0.3011600971221924,0,20,-1,-1,-1
20,35,4,0.7,0.2095402956008911,0.19649171829223633,0.23035621643066406,0,20,-1,-1,-1
20,35,4,0.8,0.21423784494400025,0.20940518379211426,0.21941375732421875,0,20,-1,-1,-1
20,35,4,0.9,0.24019986391067505,0.2363440990447998,0.24634027481079102,0,20,-1,-1,-1
20,35,5,0.1,0.06470292806625366,0.06081819534301758,0.07283473014831543,0,20,-1,-1,-1
20,35,5,0.2,0.10867358446121216,0.10473990440368652,0.11272144317626953,0,20,-1,-1,-1
20,35,5,0.3,0.15826220512390138,0.1475684642791748,0.17353558540344238,0,20,-1,-1,-1
20,35,5,0.4,0.19806476831436157,0.1894073486328125,0.23836159706115723,0,20,-1,-1,-1
20,35,5,0.5,0.25943163633346555,0.2532236576080322,0.27024221420288086,0,20,-1,-1,-1
20,35,5,0.6,0.4234078049659729,0.38696765899658203,0.4617345333099365,0,20,-1,-1,-1
20,35,5,0.7,0.42779037952423093,0.4009277820587158,0.45738649368286133,0,20,-1,-1,-1
20,35,5,0.8,0.3385762214660645,0.3330874443054199,0.3600020408630371,0,20,-1,-1,-1
20,35,5,0.9,0.3855894923210144,0.37051892280578613,0.4218719005584717,0,20,-1,-1,-1
20,35,6,0.1,0.4899590492248535,0.09772324562072754,1.8550348281860352,1,19,124.0,124.0,124.0
20,35,6,0.2,0.15340876579284668,0.14746356010437012,0.15945124626159668,0,20,-1,-1,-1
20,35,6,0.3,0.2301602840423584,0.2253575325012207,0.24630212783813477,0,20,-1,-1,-1
20,35,6,0.4,0.30828306674957273,0.30016207695007324,0.32317161560058594,0,20,-1,-1,-1
20,35,6,0.5,0.38465715646743776,0.3739659786224365,0.4047684669494629,0,20,-1,-1,-1
20,35,6,0.6,0.5957473635673523,0.5674474239349365,0.6542949676513672,0,20,-1,-1,-1
20,35,6,0.7,0.8048308968544007,0.7749190330505371,0.8307397365570068,0,20,-1,-1,-1
20,35,6,0.8,0.5666175603866577,0.4867110252380371,0.6582403182983398,0,20,-1,-1,-1
20,35,6,0.9,0.5539916157722473,0.5484127998352051,0.5637509822845459,0,20,-1,-1,-1
20,35,7,0.1,8.38647449016571,5.542176723480225,16.417088985443115,15,5,127.06666666666666,106.0,144.0
20,35,7,0.2,0.216342294216156,0.2104325294494629,0.2453465461730957,0,20,-1,-1,-1
20,35,7,0.3,0.3262136220932007,0.310469388961792,0.3603999614715576,0,20,-1,-1,-1
20,35,7,0.4,0.44385126829147337,0.4228689670562744,0.5176475048065186,0,20,-1,-1,-1
20,35,7,0.5,0.5488792419433594,0.5315768718719482,0.5627143383026123,0,20,-1,-1,-1
20,35,7,0.6,0.7866989970207214,0.7489211559295654,0.8437783718109131,0,20,-1,-1,-1
20,35,7,0.7,1.0904794216156006,1.0721323490142822,1.1327075958251953,0,20,-1,-1,-1
20,35,7,0.8,0.9253603696823121,0.7889759540557861,1.0880577564239502,0,20,-1,-1,-1
20,35,7,0.9,0.774762237071991,0.7699053287506104,0.7859125137329102,0,20,-1,-1,-1
20,35,8,0.1,49.51978996992111,26.67431616783142,70.95221376419067,20,0,120.55,110.0,131.0
20,35,8,0.2,0.28653539419174195,0.2812471389770508,0.313016414642334,0,20,-1,-1,-1
20,35,8,0.3,0.41838988065719607,0.41343164443969727,0.42978382110595703,0,20,-1,-1,-1
20,35,8,0.4,0.576148509979248,0.5675029754638672,0.5903196334838867,0,20,-1,-1,-1
20,35,8,0.5,0.7981519341468811,0.7480204105377197,0.877652645111084,0,20,-1,-1,-1
20,35,8,0.6,1.0380905628204347,0.995356559753418,1.091543436050415,0,20,-1,-1,-1
20,35,8,0.7,1.4388399839401245,1.4211883544921875,1.4655961990356445,0,20,-1,-1,-1
20,35,8,0.8,1.5278955101966858,1.4211795330047607,1.6814775466918945,0,20,-1,-1,-1
20,35,8,0.9,1.0483993887901306,1.0322985649108887,1.0801312923431396,0,20,-1,-1,-1
20,35,9,0.1,85.52868543863296,35.46214723587036,221.10360026359558,20,0,113.5,105.0,124.0
20,35,9,0.2,0.771033239364624,0.37297773361206055,8.219069004058838,0,20,-1,-1,-1
20,35,9,0.3,0.5866733670234681,0.5432393550872803,0.6781508922576904,0,20,-1,-1,-1
20,35,9,0.4,0.7552332043647766,0.7300534248352051,0.7788817882537842,0,20,-1,-1,-1
20,35,9,0.5,0.9786803960800171,0.9554183483123779,1.0186028480529785,0,20,-1,-1,-1
20,35,9,0.6,1.32203551530838,1.2633695602416992,1.4361989498138428,0,20,-1,-1,-1
20,35,9,0.7,1.84755277633667,1.807166337966919,1.9427640438079834,0,20,-1,-1,-1
20,35,9,0.8,1.9910791158676147,1.9178454875946045,2.1380903720855713,0,20,-1,-1,-1
20,35,9,0.9,1.3658262133598327,1.3463985919952393,1.3876111507415771,0,20,-1,-1,-1
20,35,10,0.1,128.30933476686477,21.455122232437134,426.2693841457367,20,0,112.7,99.0,122.0
20,35,10,0.2,17.511455070972442,11.66284465789795,28.36562705039978,0,20,-1,-1,-1
20,35,10,0.3,0.7095268130302429,0.6932225227355957,0.741018533706665,0,20,-1,-1,-1
20,35,10,0.4,0.9386590361595154,0.9252383708953857,0.9594337940216064,0,20,-1,-1,-1
20,35,10,0.5,1.2207831859588623,1.189781904220581,1.3168871402740479,0,20,-1,-1,-1
20,35,10,0.6,1.6796081066131592,1.6096947193145752,1.875962734222412,0,20,-1,-1,-1
20,35,10,0.7,2.4606802582740785,2.3327527046203613,2.568101406097412,0,20,-1,-1,-1
20,35,10,0.8,2.469111943244934,2.409515380859375,2.713775157928467,0,20,-1,-1,-1
20,35,10,0.9,1.790260660648346,1.7610704898834229,1.8990988731384277,0,20,-1,-1,-1
